#
# clustering coefficient. G(150568, 12246069). Average clustering: 0.9315  OpenTriads: -836026651 (0.6033)  ClosedTriads: -2020504368 (0.3967) (Sun Nov  4 01:03:47 2018)
#
# Node degree	Average clustering coefficient
1	0
2	1
3	1
4	0.999384
5	0.997598
6	0.993303
7	0.987343
8	0.979707
9	0.981157
10	0.975138
11	0.969834
12	0.964673
13	0.960841
14	0.960775
15	0.958316
16	0.955046
17	0.955875
18	0.949984
19	0.954842
20	0.945441
21	0.946895
22	0.943246
23	0.945657
24	0.940634
25	0.936099
26	0.942656
27	0.938437
28	0.94987
29	0.941068
30	0.929193
31	0.93931
32	0.943976
33	0.939073
34	0.925365
35	0.920678
36	0.935646
37	0.924074
38	0.943735
39	0.946106
40	0.901808
41	0.910873
42	0.936219
43	0.899771
44	0.923119
45	0.941805
46	0.933981
47	0.937805
48	0.946046
49	0.940182
50	0.923448
51	0.888041
52	0.894373
53	0.936215
54	0.959489
55	0.918016
56	0.923207
57	0.923845
58	0.884106
59	0.92553
60	0.948529
61	0.915901
62	0.923259
63	0.916358
64	0.949609
65	0.914614
66	0.948384
67	0.931924
68	0.919665
69	0.9461
70	0.9476
71	0.895839
72	0.903306
73	0.937054
74	0.924141
75	0.912217
76	0.85509
77	0.95468
78	0.947343
79	0.877154
80	0.893565
81	0.748551
82	0.881989
83	0.901206
84	0.883096
85	0.916249
86	0.95918
87	0.923983
88	0.942915
89	0.951687
90	0.845826
91	0.929494
92	0.939223
93	0.932155
94	0.891575
95	0.854325
96	0.915049
97	0.9622
98	0.922791
99	0.86634
100	0.932388
101	0.954389
102	0.927373
103	0.957307
104	0.958081
105	0.894785
106	0.96996
107	0.947165
108	0.915542
109	0.917186
110	0.963771
111	0.951858
112	0.935881
113	0.955368
114	0.891982
115	0.922558
116	0.972696
117	0.928542
118	0.939978
119	0.933232
120	0.902382
121	0.794331
122	0.939304
123	0.892031
124	0.940648
125	0.90284
126	0.933335
127	0.779918
128	0.929155
129	0.942118
130	0.800554
131	0.945955
132	0.930665
133	0.914557
134	0.923324
135	0.719974
136	0.912168
137	0.895664
138	0.925286
139	0.952274
140	0.799473
141	0.921868
142	0.877865
143	0.908562
144	0.74512
145	0.770233
146	0.95721
147	0.91692
148	0.93579
149	0.910175
150	0.950582
151	0.862217
152	0.800316
153	0.93711
154	0.751843
155	0.957164
156	0.890551
157	0.930459
158	0.698333
159	0.709394
160	0.695039
161	0.92053
162	0.630028
163	0.965424
164	0.968299
165	0.93306
166	0.824582
167	0.906435
168	0.883333
169	0.677999
170	0.939415
171	0.970234
172	0.952316
173	0.879267
174	0.796631
175	0.918268
176	0.766497
177	0.962006
178	0.66138
179	0.70487
180	0.725916
181	0.812318
182	0.702055
183	0.74843
184	0.820276
185	0.934334
186	0.743386
187	0.776646
188	0.793635
189	0.8788
190	0.827168
191	0.740287
192	0.828573
193	0.9642
194	0.763296
195	0.934512
196	0.796942
197	0.913634
198	0.928192
199	0.854805
200	0.86155
201	0.926865
202	0.844603
203	0.90147
204	0.758114
205	0.751654
206	0.729179
207	0.887545
208	0.927056
209	0.764579
210	0.729749
211	0.912659
212	0.935971
213	0.854631
214	0.831879
215	0.695199
216	0.878641
217	0.792321
218	0.923604
219	0.886697
220	0.800404
221	0.786564
222	0.940892
223	0.745225
224	0.827707
225	0.901383
226	0.692196
227	0.961288
228	0.844148
229	0.762271
230	0.754609
231	0.93946
232	0.969179
233	0.971277
234	0.818198
235	0.719552
236	0.705505
237	0.912716
238	0.734993
239	0.78097
240	0.70232
241	0.934449
242	0.892676
243	0.966093
244	0.948331
245	0.731821
246	0.795145
247	0.964482
248	0.955188
249	0.773922
250	0.82529
251	0.978587
252	0.770117
253	0.956213
254	0.955781
255	0.822743
256	0.716473
257	0.801446
258	0.903656
259	0.838261
260	0.800281
261	0.850451
262	0.803104
263	0.818603
264	0.967248
265	0.986471
266	0.7241
267	0.755528
268	0.78452
269	0.804866
270	0.948058
271	0.914298
272	0.973425
273	0.784221
274	0.947476
275	0.975845
276	0.712758
277	0.765829
278	0.722053
279	0.712316
280	0.753311
281	0.884921
282	0.727189
283	0.617943
284	0.872262
285	0.979497
286	0.952026
287	0.976488
288	0.862472
289	0.751728
290	0.740873
291	0.708589
292	0.809584
293	0.772277
294	0.855434
295	0.765437
296	0.825615
297	0.696386
298	0.961974
299	0.914933
300	0.677029
301	0.862494
302	0.786775
303	0.756583
304	0.957802
305	0.747338
306	0.965243
307	0.98057
308	0.767424
309	0.707599
310	0.755225
311	0.794259
312	0.684889
313	0.636014
314	0.952717
315	0.927932
316	0.82305
317	0.729827
318	0.901695
319	0.871811
320	0.778627
321	0.727874
322	0.827384
323	0.734172
324	0.979301
325	0.929815
326	0.757976
327	0.977617
328	0.984368
329	0.663523
330	0.682896
331	0.714852
332	0.839857
333	0.739838
334	0.835799
335	0.711756
336	0.708092
337	0.714128
338	0.951719
339	0.935028
340	0.808373
341	0.871362
342	0.732959
343	0.940105
344	0.786268
345	0.746885
346	0.865961
347	0.972112
348	0.764575
349	0.782343
350	0.785161
351	0.97091
352	0.875784
353	0.836969
354	0.977743
355	0.783019
356	0.786477
357	0.807201
358	0.678344
359	0.765434
360	0.710206
361	0.935464
362	0.979917
363	0.772077
364	0.747938
365	0.972487
366	0.706273
367	0.770048
368	0.813282
369	0.750987
370	0.790213
371	0.791606
372	0.800787
373	0.76453
374	0.77302
375	0.750984
376	0.723381
377	0.73967
378	0.708128
379	0.715258
380	0.696182
381	0.684172
382	0.979474
383	0.727428
384	0.739998
385	0.752368
386	0.841606
387	0.712637
388	0.847415
389	0.838927
390	0.731695
391	0.764551
392	0.694571
393	0.787097
394	0.983779
395	0.711412
396	0.654309
397	0.698138
398	0.979929
399	0.75595
400	0.716737
401	0.69599
402	0.698896
403	0.669063
404	0.691961
405	0.790331
406	0.683072
407	0.72976
408	0.654479
409	0.63403
410	0.634259
411	0.946628
412	0.737961
413	0.679811
414	0.628284
415	0.735888
416	0.709611
417	0.697456
418	0.722097
419	0.661232
420	0.987754
421	0.781252
422	0.618171
423	0.757576
424	0.672073
425	0.725193
426	0.789783
427	0.658508
428	0.601836
429	0.712136
430	0.819132
431	0.62767
432	0.671122
433	0.734432
434	0.648287
435	0.675514
436	0.619914
437	0.676099
438	0.713461
439	0.64077
440	0.784736
441	0.667076
442	0.679854
443	0.638678
444	0.631997
445	0.674097
446	0.608777
447	0.679142
448	0.682579
449	0.988133
450	0.696921
451	0.646674
452	0.976957
453	0.591166
454	0.981303
455	0.695924
456	0.778449
457	0.654871
458	0.959882
459	0.962456
460	0.802201
461	0.688656
462	0.634322
463	0.7327
464	0.614279
465	0.917819
466	0.606891
467	0.783779
468	0.679726
469	0.680003
470	0.748494
471	0.608012
472	0.691292
473	0.663152
474	0.746134
475	0.672548
476	0.731865
477	0.667745
478	0.736282
479	0.684593
480	0.671912
481	0.638125
482	0.631348
483	0.703016
484	0.678236
485	0.804238
486	0.758346
487	0.632136
488	0.663107
489	0.97864
490	0.683288
491	0.701203
492	0.840925
493	0.850713
494	0.798122
495	0.697485
496	0.713717
497	0.719578
498	0.583635
499	0.930448
500	0.581271
501	0.575872
502	0.500699
503	0.623344
504	0.605992
505	0.744046
506	0.924751
507	0.571386
508	0.713399
509	0.777889
510	0.994059
511	0.586616
512	0.565917
513	0.713659
514	0.732107
515	0.630596
516	0.844045
517	0.901142
518	0.675273
519	0.607585
520	0.722726
521	0.697628
522	0.54556
523	0.753156
524	0.802921
525	0.679749
526	0.597383
527	0.723924
528	0.68696
529	0.722072
530	0.701804
531	0.583836
532	0.597744
533	0.819562
534	0.716474
535	0.688184
536	0.725153
537	0.72321
538	0.780847
539	0.545528
540	0.63932
541	0.690371
542	0.623229
543	0.70638
544	0.990012
545	0.813794
546	0.690358
547	0.881443
548	0.663633
549	0.839687
550	0.713008
551	0.704392
552	0.841116
553	0.794476
554	0.594285
555	0.810746
556	0.736367
557	0.991843
558	0.706779
559	0.593836
560	0.658875
561	0.750968
562	0.656625
563	0.793461
564	0.593718
565	0.569045
566	0.992566
567	0.659314
568	0.850356
569	0.69378
570	0.71875
571	0.797118
572	0.678879
573	0.758744
574	0.765132
575	0.624473
576	0.751985
577	0.646556
578	0.638008
579	0.615663
580	0.707809
581	0.993772
582	0.795171
583	0.886969
584	0.664625
585	0.779115
586	0.820807
587	0.666453
588	0.709194
589	0.685165
590	0.635666
591	0.834481
592	0.707146
593	0.862254
594	0.786341
595	0.814509
596	0.927994
597	0.857758
598	0.781822
599	0.746619
600	0.773206
601	0.618925
602	0.581
603	0.856488
604	0.587781
605	0.912063
606	0.924816
607	0.843233
608	0.85705
609	0.925014
610	0.91477
611	0.898522
612	0.82645
613	0.758673
614	0.676075
615	0.813264
616	0.792459
617	0.691431
618	0.644155
619	0.830215
620	0.845333
621	0.845271
622	0.805934
623	0.891541
624	0.742128
625	0.822985
626	0.771941
627	0.857379
628	0.702097
629	0.702732
630	0.691696
631	0.642428
632	0.722205
633	0.615057
634	0.682688
635	0.63734
636	0.674392
637	0.63903
638	0.621352
639	0.556682
640	0.71087
641	0.667186
642	0.687237
643	0.685304
644	0.649531
645	0.602261
646	0.652464
647	0.593753
648	0.663885
649	0.585854
650	0.713648
651	0.719454
652	0.609638
653	0.617549
654	0.589615
655	0.588755
656	0.694448
657	0.638752
658	0.620109
659	0.505037
660	0.66301
661	0.512856
662	0.956089
663	0.567005
664	0.961369
665	0.638301
666	0.670948
667	0.578529
668	0.691995
669	0.520473
670	0.734873
671	0.662611
672	0.633001
673	0.558313
674	0.666208
675	0.756014
676	0.684124
677	0.79603
678	0.694866
679	0.5881
680	0.678795
681	0.816822
682	0.588488
683	0.586918
684	0.672603
685	0.574503
686	0.633878
687	0.58924
688	0.985997
689	0.920071
690	0.863251
691	0.817497
692	0.863908
693	0.75233
694	0.909978
695	0.83479
696	0.87367
697	0.820669
698	0.837999
699	0.791466
700	0.790767
701	0.724678
702	0.736948
703	0.678115
704	0.739472
705	0.688805
706	0.708248
707	0.812397
708	0.802545
709	0.722224
710	0.697302
711	0.779026
712	0.668153
713	0.707535
714	0.658821
715	0.585788
716	0.763252
717	0.822913
718	0.725113
719	0.684065
720	0.627087
721	0.624193
722	0.587676
723	0.705004
724	0.507805
725	0.706519
726	0.706414
727	0.657887
728	0.7013
729	0.996462
730	0.835093
731	0.813689
732	0.576015
733	0.649453
734	0.877753
735	0.795022
736	0.679905
737	0.748745
738	0.814196
739	0.57756
740	0.740948
741	0.651594
742	0.601977
743	0.762249
744	0.783668
745	0.677361
746	0.640448
747	0.562774
748	0.625834
749	0.985907
750	0.552519
751	0.52653
752	0.645308
753	0.749542
754	0.625637
755	0.74855
756	0.690277
757	0.683655
758	0.729305
759	0.620295
760	0.538046
761	0.678864
762	0.763834
763	0.786517
764	0.748665
765	0.582833
766	0.756133
767	0.699251
768	0.694375
769	0.651314
770	0.617993
771	0.658731
772	0.660594
773	0.475731
774	0.79944
775	0.649374
776	0.614461
777	0.707329
778	0.663297
779	0.767917
780	0.698717
781	0.884533
782	0.668686
783	0.674658
784	0.574144
785	0.761899
786	0.641549
787	0.654509
788	0.723022
789	0.577234
790	0.755581
791	0.526452
792	0.666711
793	0.644348
794	0.667866
795	0.763636
796	0.706526
797	0.67508
798	0.587118
799	0.588737
800	0.613133
801	0.581957
802	0.616764
803	0.695048
804	0.589897
805	0.62579
806	0.580935
807	0.674725
808	0.586026
809	0.677628
810	0.590141
811	0.63112
812	0.540613
813	0.543034
814	0.691406
815	0.66147
816	0.694247
817	0.580802
818	0.75767
819	0.813903
820	0.69662
821	0.700752
822	0.756188
823	0.605496
824	0.997099
825	0.797768
826	0.719854
827	0.745467
828	0.665456
829	0.893327
830	0.669208
831	0.652064
832	0.64614
833	0.934981
834	0.573126
835	0.685564
836	0.710839
837	0.631489
838	0.973322
839	0.540938
840	0.754353
841	0.761244
842	0.696642
843	0.672256
844	0.678855
845	0.645066
846	0.802949
847	0.770226
848	0.584015
849	0.705488
850	0.733057
851	0.593569
852	0.735159
853	0.663353
854	0.774885
855	0.693588
856	0.733792
857	0.702063
858	0.574562
859	0.71427
860	0.740937
861	0.627196
862	0.751179
863	0.737437
864	0.681112
865	0.758698
866	0.576572
867	0.6228
868	0.638593
869	0.668537
870	0.703065
871	0.700754
872	0.712719
873	0.75785
874	0.704691
875	0.617917
876	0.674366
877	0.74468
878	0.583604
879	0.53244
880	0.71929
881	0.955691
882	0.668172
883	0.652248
884	0.639976
885	0.678692
886	0.760698
887	0.724212
888	0.794117
889	0.634988
890	0.735826
891	0.634666
892	0.658055
893	0.746419
894	0.792333
895	0.700116
896	0.672075
897	0.681894
898	0.611104
899	0.668148
900	0.728616
901	0.766911
902	0.67757
903	0.702279
904	0.523688
905	0.648809
906	0.72101
907	0.76027
908	0.66637
909	0.963035
910	0.713677
911	0.577039
912	0.719968
913	0.61358
914	0.539415
915	0.593889
916	0.690865
917	0.685544
918	0.53281
919	0.721687
920	0.668066
921	0.536667
922	0.527428
923	0.595137
924	0.571034
925	0.538965
926	0.688182
927	0.67998
928	0.594874
929	0.646112
930	0.582513
931	0.709686
932	0.542251
933	0.505813
934	0.68561
935	0.563914
936	0.609129
937	0.731694
938	0.631472
939	0.587734
940	0.680198
941	0.708985
942	0.708847
943	0.548523
944	0.468947
945	0.516222
946	0.536729
947	0.695553
948	0.693401
949	0.47211
950	0.480972
951	0.602999
952	0.59517
953	0.5547
954	0.77471
955	0.612771
956	0.637488
957	0.510135
958	0.567087
959	0.509217
960	0.583821
961	0.576047
962	0.497307
963	0.647892
964	0.538085
965	0.551635
966	0.517745
967	0.530165
968	0.681163
969	0.668142
970	0.653014
971	0.705204
972	0.631338
973	0.571242
974	0.407233
975	0.576135
976	0.613717
977	0.536276
978	0.560599
979	0.620652
980	0.626055
981	0.58026
982	0.668677
983	0.484224
984	0.63542
985	0.475139
986	0.50854
987	0.51877
988	0.611466
989	0.698895
990	0.645919
991	0.585942
992	0.609363
993	0.634655
994	0.565533
995	0.515608
996	0.461956
997	0.535546
998	0.606423
999	0.68214
1000	0.441214
1001	0.499151
1002	0.34314
1003	0.690139
1004	0.536765
1005	0.578297
1006	0.702574
1007	0.622876
1008	0.586004
1009	0.63398
1010	0.510673
1011	0.740567
1012	0.580164
1013	0.527885
1014	0.384768
1015	0.642852
1016	0.623568
1017	0.575788
1018	0.787822
1019	0.568219
1020	0.703584
1021	0.404936
1022	0.776977
1023	0.599315
1024	0.56795
1025	0.552787
1026	0.571311
1027	0.642393
1028	0.615763
1029	0.545904
1030	0.572018
1031	0.441553
1032	0.530186
1033	0.676621
1034	0.709517
1035	0.688451
1036	0.667924
1037	0.58803
1038	0.513625
1039	0.435955
1040	0.6755
1041	0.595494
1042	0.503367
1043	0.394887
1044	0.64315
1045	0.4663
1046	0.676938
1047	0.583028
1048	0.682911
1049	0.551261
1050	0.535599
1051	0.499368
1052	0.781321
1053	0.527738
1054	0.664498
1055	0.51815
1056	0.606521
1057	0.521776
1058	0.47583
1059	0.473722
1060	0.710512
1061	0.55054
1062	0.52167
1063	0.555168
1064	0.482009
1065	0.644318
1066	0.576897
1067	0.598798
1068	0.553485
1069	0.601445
1070	0.636865
1071	0.685192
1072	0.638286
1073	0.538926
1074	0.639404
1075	0.71773
1076	0.722907
1077	0.588246
1078	0.535447
1079	0.588751
1080	0.580747
1081	0.498027
1082	0.664553
1083	0.437147
1084	0.572271
1085	0.498446
1086	0.631265
1087	0.571745
1088	0.537078
1089	0.673485
1090	0.550349
1091	0.589812
1092	0.60156
1093	0.547716
1094	0.630763
1095	0.695369
1096	0.642579
1097	0.376789
1098	0.619591
1099	0.558355
1100	0.656959
1101	0.694024
1102	0.848864
1103	0.589794
1104	0.537265
1105	0.655625
1106	0.694944
1107	0.406273
1108	0.544686
1109	0.569752
1110	0.41696
1111	0.559973
1113	0.597098
1114	0.612383
1115	0.575012
1116	0.569198
1117	0.809057
1118	0.649565
1119	0.364897
1120	0.369089
1121	0.558828
1122	0.58282
1123	0.344682
1124	0.618672
1125	0.621993
1126	0.337222
1127	0.785044
1128	0.444504
1129	0.61192
1130	0.729488
1132	0.600564
1133	0.497936
1134	0.789163
1135	0.416201
1136	0.413023
1137	0.704356
1138	0.385914
1139	0.486456
1140	0.477478
1141	0.570377
1142	0.497398
1143	0.505324
1144	0.423611
1145	0.56558
1148	0.524228
1149	0.682073
1150	0.55695
1151	0.506735
1152	0.487539
1153	0.472554
1154	0.441781
1155	0.535786
1156	0.49214
1157	0.502981
1158	0.547694
1159	0.759225
1160	0.49979
1161	0.451179
1162	0.675991
1163	0.416501
1164	0.545966
1165	0.318355
1166	0.601054
1167	0.465362
1168	0.456342
1169	0.797273
1170	0.492501
1171	0.495797
1172	0.848768
1173	0.507242
1174	0.465014
1175	0.619336
1176	0.586966
1177	0.361522
1179	0.519061
1180	0.418464
1181	0.595742
1182	0.760736
1183	0.669261
1184	0.35765
1185	0.37511
1186	0.548571
1187	0.588627
1188	0.513384
1189	0.530715
1190	0.417702
1191	0.527375
1192	0.548765
1193	0.341363
1194	0.628109
1195	0.596834
1196	0.589522
1197	0.448501
1198	0.603503
1199	0.670956
1200	0.561554
1201	0.637756
1202	0.637871
1203	0.400034
1204	0.597609
1205	0.525881
1206	0.653542
1207	0.727363
1208	0.646878
1209	0.527136
1210	0.395592
1211	0.999344
1212	0.448566
1213	0.931799
1214	0.60768
1215	0.843143
1216	0.640969
1217	0.834332
1218	0.704187
1219	0.596032
1220	0.804736
1221	0.591109
1222	0.710222
1223	0.807934
1224	0.870435
1225	0.523391
1226	0.520113
1227	0.764686
1228	0.4211
1229	0.766249
1230	0.815789
1231	0.512995
1232	0.756923
1233	0.613547
1234	0.736042
1235	0.673914
1236	0.395145
1237	0.505732
1238	0.673865
1239	0.509361
1240	0.521603
1241	0.486077
1242	0.473184
1243	0.675296
1244	0.69255
1245	0.599327
1246	0.760299
1247	0.659672
1248	0.578667
1249	0.639487
1250	0.38619
1252	0.740041
1253	0.725348
1254	0.718825
1255	0.598023
1256	0.336083
1257	0.43448
1260	0.697921
1262	0.450236
1263	0.585104
1264	0.58465
1265	0.56209
1266	0.55924
1267	0.574371
1268	0.61654
1269	0.554308
1270	0.391869
1271	0.552029
1272	0.570663
1273	0.553506
1274	0.622611
1275	0.494685
1276	0.384851
1277	0.594033
1278	0.606599
1279	0.578706
1280	0.796581
1281	0.743651
1282	0.597327
1283	0.439766
1284	0.572771
1285	0.518431
1286	0.438302
1287	0.62192
1288	0.456068
1289	0.390373
1290	0.719115
1292	0.542949
1294	0.490408
1295	0.495373
1296	0.680405
1297	0.542117
1298	0.496324
1299	0.581157
1300	0.589504
1301	0.486576
1303	0.444409
1304	0.570502
1305	0.453028
1306	0.609121
1307	0.514997
1308	0.507632
1309	0.497653
1310	0.511326
1311	0.483805
1313	0.219854
1314	0.440699
1315	0.483946
1316	0.558325
1317	0.522112
1318	0.388167
1319	0.700394
1320	0.848627
1321	0.535989
1323	0.401016
1324	0.738388
1325	0.73134
1326	0.701634
1327	0.644573
1328	0.531823
1329	0.593383
1330	0.569439
1331	0.647164
1332	0.351371
1333	0.440512
1334	0.395647
1335	0.385577
1336	0.353794
1337	0.382094
1338	0.619563
1339	0.784144
1340	0.475801
1341	0.555849
1342	0.578992
1343	0.444405
1344	0.765576
1345	0.817901
1346	0.519887
1347	0.58071
1348	0.595738
1349	0.457868
1350	0.53885
1352	0.356295
1353	0.732641
1354	0.614683
1355	0.468274
1356	0.449667
1357	0.808039
1359	0.420001
1360	0.494009
1362	0.738099
1363	0.719807
1364	0.490228
1365	0.275725
1367	0.546293
1368	0.458212
1369	0.517911
1370	0.412612
1371	0.341941
1372	0.498926
1373	0.528685
1374	0.633789
1375	0.412803
1377	0.32444
1378	0.591827
1379	0.301126
1380	0.98195
1381	0.510867
1382	0.514016
1383	0.879093
1384	0.760244
1385	0.602578
1387	0.539393
1388	0.85174
1389	0.666547
1390	0.746089
1391	0.456015
1392	0.913027
1393	0.776338
1394	0.664725
1395	0.796207
1396	0.586452
1397	0.584162
1398	0.718354
1399	0.935662
1400	0.794848
1401	0.785323
1402	0.561298
1403	0.751798
1404	0.682106
1405	0.972209
1407	0.662872
1408	0.752485
1409	0.418207
1410	0.408652
1411	0.555403
1412	0.755881
1414	0.875194
1415	0.806788
1416	0.470638
1417	0.699941
1418	0.955862
1419	0.682736
1420	0.858993
1421	0.705269
1422	0.622568
1423	0.852262
1424	0.693807
1425	0.718651
1426	0.71952
1427	0.606673
1428	0.729132
1429	0.677533
1430	0.552452
1431	0.709091
1432	0.661445
1433	0.422658
1434	0.690874
1435	0.720387
1436	0.821491
1437	0.54825
1438	0.677779
1439	0.769836
1440	0.58991
1441	0.437981
1442	0.74518
1443	0.455765
1445	0.543743
1446	0.505163
1447	0.52991
1448	0.730511
1449	0.935053
1450	0.679287
1451	0.44319
1452	0.907007
1453	0.930762
1454	0.50226
1455	0.477167
1456	0.673626
1457	0.724054
1458	0.339815
1459	0.907005
1460	0.276758
1461	0.466367
1462	0.681307
1463	0.694087
1465	0.650415
1466	0.383949
1467	0.710183
1468	0.56995
1469	0.706949
1471	0.905908
1473	0.467743
1474	0.754542
1475	0.348456
1476	0.689684
1478	0.640884
1479	0.435726
1480	0.444786
1481	0.893544
1482	0.901372
1483	0.31512
1484	0.660087
1485	0.418401
1486	0.554714
1487	0.724835
1488	0.454034
1489	0.903239
1490	0.517258
1491	0.422111
1492	0.795809
1494	0.882429
1495	0.401838
1496	0.441505
1498	0.557209
1499	0.631076
1500	0.548995
1501	0.885292
1502	0.913306
1506	0.437522
1507	0.904823
1508	0.560094
1509	0.505861
1510	0.693202
1511	0.811192
1512	0.669735
1513	0.664411
1514	0.727855
1515	0.889973
1516	0.574228
1517	0.633181
1518	0.208097
1519	0.501772
1520	0.67893
1521	0.637511
1523	0.225385
1524	0.867613
1525	0.414861
1526	0.632674
1527	0.573718
1528	0.458616
1529	0.895787
1530	0.610719
1532	0.58742
1533	0.371306
1534	0.610807
1535	0.876455
1536	0.48093
1537	0.370693
1540	0.402723
1541	0.869264
1544	0.624506
1546	0.592764
1547	0.644972
1548	0.603048
1549	0.426406
1551	0.68563
1552	0.621451
1553	0.419284
1554	0.714981
1555	0.65483
1556	0.388157
1557	0.638782
1558	0.642582
1559	0.392329
1561	0.541887
1562	0.832556
1564	0.576156
1566	0.579988
1567	0.447442
1568	0.696713
1569	0.536894
1570	0.225509
1571	0.394334
1572	0.835231
1575	0.419988
1576	0.648684
1577	0.709087
1578	0.52243
1579	0.594155
1580	0.461192
1581	0.8479
1582	0.852031
1583	0.551802
1584	0.36804
1586	0.521181
1587	0.379273
1588	0.480635
1589	0.581248
1590	0.738915
1591	0.299921
1592	0.6736
1593	0.601473
1595	0.364457
1596	0.827029
1597	0.824474
1598	0.812516
1602	0.453309
1604	0.773163
1605	0.629365
1606	0.527769
1607	0.829189
1609	0.355502
1610	0.817215
1612	0.756601
1613	0.797757
1614	0.416086
1615	0.770612
1616	0.878016
1618	0.811786
1619	0.604129
1620	0.633085
1621	0.372608
1622	0.517878
1624	0.736827
1625	0.459987
1626	0.78696
1628	0.590103
1629	0.649167
1631	0.659431
1632	0.784028
1633	0.837176
1634	0.735949
1635	0.274246
1638	0.624269
1639	0.481512
1641	0.568068
1642	0.514649
1643	0.680792
1645	0.828933
1646	0.774461
1648	0.611349
1649	0.557268
1650	0.520095
1651	0.403415
1652	0.759923
1653	0.439655
1654	0.270362
1655	0.722728
1656	0.65366
1657	0.641626
1659	0.486244
1660	0.744274
1661	0.832834
1662	0.636718
1663	0.777613
1664	0.737032
1666	0.550875
1667	0.685323
1670	0.735847
1672	0.689115
1673	0.574745
1674	0.791714
1675	0.566122
1676	0.657497
1677	0.357988
1678	0.861416
1679	0.429685
1681	0.802712
1682	0.636905
1684	0.42504
1685	0.647004
1687	0.747953
1689	0.527912
1691	0.852065
1692	0.643672
1693	0.552641
1694	0.436216
1695	0.60859
1696	0.54145
1697	0.533944
1699	0.268569
1700	0.589948
1701	0.438582
1703	0.742908
1704	0.778256
1706	0.584618
1707	0.667682
1708	0.627001
1710	0.233182
1711	0.66298
1712	0.344884
1713	0.439169
1715	0.564926
1716	0.579803
1718	0.586285
1719	0.475125
1720	0.730747
1721	0.647248
1722	0.689331
1723	0.828678
1724	0.551521
1727	0.193263
1729	0.826716
1731	0.781752
1732	0.375427
1733	0.589519
1734	0.811584
1736	0.818294
1737	0.707143
1738	0.627173
1739	0.564545
1740	0.560944
1741	0.681548
1742	0.70764
1744	0.557915
1745	0.700208
1746	0.529065
1747	0.801211
1748	0.57436
1749	0.539443
1751	0.659411
1753	0.553327
1754	0.414658
1755	0.464068
1757	0.62514
1758	0.647124
1760	0.477377
1761	0.6472
1762	0.779411
1763	0.526219
1765	0.805619
1766	0.671875
1767	0.612096
1768	0.807359
1770	0.467153
1771	0.241484
1772	0.730925
1773	0.723256
1775	0.631524
1776	0.425387
1777	0.7917
1778	0.565011
1779	0.57166
1780	0.742813
1781	0.379079
1782	0.804414
1784	0.583511
1785	0.625298
1786	0.62095
1787	0.583998
1789	0.493477
1790	0.358323
1791	0.725792
1792	0.580524
1793	0.584644
1794	0.612397
1795	0.658996
1796	0.603571
1797	0.659828
1798	0.385756
1801	0.790755
1802	0.423849
1803	0.563408
1804	0.477723
1805	0.309326
1806	0.798879
1807	0.404378
1810	0.699946
1811	0.701906
1812	0.558979
1813	0.727128
1814	0.779671
1815	0.544829
1816	0.723292
1817	0.416792
1818	0.737289
1819	0.751954
1821	0.435811
1822	0.739046
1823	0.421049
1824	0.780083
1825	0.598807
1826	0.59971
1828	0.625674
1829	0.62046
1830	0.252426
1831	0.504571
1832	0.78405
1833	0.722838
1834	0.278597
1836	0.502347
1837	0.567908
1838	0.640884
1839	0.451722
1840	0.743251
1841	0.194892
1844	0.764063
1845	0.766741
1846	0.70409
1847	0.73907
1848	0.350845
1850	0.629237
1851	0.716693
1854	0.240794
1856	0.761578
1857	0.371715
1860	0.765677
1861	0.679774
1862	0.272716
1864	0.579045
1865	0.620988
1866	0.761763
1867	0.747722
1868	0.712393
1870	0.463716
1871	0.713864
1872	0.563362
1873	0.439536
1874	0.74483
1875	0.738205
1876	0.661592
1877	0.61849
1878	0.269589
1879	0.744327
1880	0.657706
1881	0.747995
1883	0.515679
1884	0.701396
1885	0.760493
1886	0.763572
1887	0.456538
1888	0.497557
1889	0.752026
1891	0.459044
1892	0.745884
1893	0.296988
1894	0.338649
1895	0.706489
1896	0.688937
1897	0.332718
1898	0.45103
1899	0.649941
1900	0.654022
1901	0.316783
1902	0.60145
1903	0.323599
1905	0.605805
1907	0.516928
1908	0.597913
1910	0.74954
1911	0.746008
1912	0.470543
1913	0.336508
1914	0.330737
1916	0.740624
1918	0.506434
1920	0.745173
1921	0.448209
1922	0.560159
1923	0.56822
1924	0.719899
1926	0.634789
1928	0.663661
1930	0.571602
1931	0.550856
1932	0.444693
1933	0.518123
1934	0.534242
1936	0.672462
1937	0.646237
1938	0.709301
1939	0.682004
1940	0.586922
1942	0.519158
1943	0.722096
1944	0.716531
1945	0.693554
1946	0.665956
1947	0.669574
1949	0.672676
1950	0.724437
1951	0.549756
1955	0.331123
1956	0.440658
1957	0.721748
1958	0.624555
1959	0.542762
1961	0.598591
1962	0.718083
1963	0.717993
1965	0.582695
1966	0.29408
1968	0.722692
1970	0.624973
1971	0.312803
1972	0.697249
1973	0.710057
1975	0.474658
1978	0.576373
1979	0.649005
1980	0.617879
1981	0.651156
1982	0.691245
1983	0.644652
1984	0.369355
1985	0.627408
1986	0.708297
1988	0.603147
1992	0.602394
1994	0.586773
1996	0.593831
1997	0.57117
1998	0.673005
1999	0.654964
2000	0.288652
2002	0.524341
2003	0.71493
2004	0.43316
2005	0.562985
2006	0.663606
2007	0.691266
2008	0.698593
2009	0.639274
2010	0.456533
2011	0.417157
2012	0.662779
2013	0.688123
2020	0.650719
2021	0.733529
2022	0.592869
2025	0.536264
2026	0.685509
2027	0.698312
2028	0.536166
2029	0.374708
2030	0.596623
2032	0.351845
2034	0.667721
2035	0.357651
2036	0.557216
2037	0.592125
2038	0.651601
2039	0.695069
2040	0.225482
2042	0.681783
2044	0.524454
2045	0.479496
2046	0.50785
2047	0.379791
2048	0.629415
2049	0.72223
2050	0.673049
2051	0.695446
2053	0.204155
2054	0.632895
2055	0.695947
2056	0.485427
2057	0.715649
2062	0.492481
2064	0.658094
2067	0.697181
2071	0.681431
2072	0.649331
2074	0.695646
2076	0.448177
2079	0.573241
2080	0.670572
2081	0.648638
2083	0.652398
2085	0.398966
2086	0.636469
2087	0.502755
2088	0.687767
2089	0.551496
2090	0.699756
2092	0.437769
2093	0.688245
2094	0.686345
2095	0.581028
2097	0.522392
2100	0.221329
2101	0.67343
2102	0.596865
2103	0.670741
2104	0.563034
2105	0.56541
2109	0.581231
2110	0.690197
2112	0.636673
2113	0.498491
2115	0.575203
2117	0.633465
2118	0.506523
2119	0.663481
2121	0.484951
2122	0.612918
2123	0.455601
2124	0.338369
2126	0.283356
2128	0.636687
2129	0.66245
2130	0.267872
2131	0.631324
2132	0.66
2133	0.23392
2134	0.636129
2136	0.633906
2137	0.608129
2138	0.269898
2140	0.518332
2141	0.470944
2142	0.640589
2147	0.650897
2150	0.466587
2153	0.489284
2156	0.547294
2158	0.488155
2159	0.499364
2160	0.562927
2161	0.249526
2163	0.469839
2164	0.612255
2165	0.337135
2168	0.640656
2169	0.56301
2172	0.628116
2173	0.577894
2174	0.659875
2176	0.396397
2180	0.667044
2181	0.600784
2182	0.678257
2183	0.621364
2185	0.643924
2186	0.561013
2187	0.567534
2189	0.591317
2190	0.579311
2191	0.60493
2198	0.542683
2200	0.538622
2202	0.639575
2203	0.630385
2205	0.536912
2208	0.641374
2212	0.451639
2214	0.423099
2216	0.636379
2218	0.655791
2219	0.663716
2220	0.633199
2221	0.534392
2222	0.627465
2225	0.302025
2226	0.640042
2227	0.366049
2230	0.644726
2231	0.624517
2232	0.535091
2234	0.419077
2235	0.61377
2237	0.174051
2239	0.495208
2243	0.607596
2244	0.497863
2245	0.587105
2247	0.630096
2248	0.647303
2250	0.638905
2252	0.609264
2253	0.488258
2255	0.268657
2256	0.628133
2258	0.283342
2259	0.569523
2260	0.623968
2261	0.60323
2262	0.520062
2264	0.570128
2267	0.458254
2268	0.443475
2270	0.583046
2271	0.595743
2272	0.426186
2273	0.561938
2274	0.613651
2275	0.52106
2278	0.578322
2279	0.618892
2280	0.577765
2281	0.513209
2282	0.491282
2283	0.455806
2284	0.470038
2286	0.603409
2287	0.6357
2288	0.563835
2289	0.301509
2291	0.521987
2295	0.572558
2296	0.530962
2297	0.572166
2298	0.298398
2299	0.612944
2300	0.614116
2308	0.630341
2309	0.49407
2311	0.600407
2313	0.450352
2314	0.539233
2318	0.556518
2319	0.547909
2323	0.560967
2324	0.582862
2325	0.436612
2328	0.570425
2329	0.437453
2331	0.577305
2332	0.417572
2334	0.609243
2336	0.439283
2339	0.573216
2341	0.599028
2342	0.588966
2344	0.530342
2345	0.570807
2346	0.488989
2347	0.569952
2348	0.605362
2349	0.617301
2351	0.613273
2352	0.572064
2353	0.597732
2356	0.532532
2357	0.242256
2359	0.598943
2361	0.546993
2363	0.580611
2364	0.564923
2365	0.493242
2366	0.5722
2367	0.447816
2368	0.58883
2369	0.522707
2371	0.593193
2372	0.595909
2373	0.573153
2375	0.567867
2377	0.633514
2379	0.567735
2380	0.599397
2382	0.513937
2383	0.604429
2384	0.468367
2387	0.546369
2392	0.59492
2393	0.596602
2397	0.547051
2400	0.215067
2401	0.60156
2403	0.422109
2405	0.568009
2406	0.535282
2408	0.596942
2414	0.549486
2415	0.502794
2417	0.592333
2418	0.419703
2425	0.595046
2434	0.579701
2436	0.551448
2437	0.480428
2439	0.555141
2440	0.57812
2443	0.401881
2444	0.267189
2445	0.527494
2446	0.453981
2447	0.52014
2454	0.505893
2456	0.563073
2457	0.588183
2458	0.578451
2460	0.56607
2461	0.379656
2462	0.565328
2464	0.583853
2465	0.570237
2470	0.498034
2471	0.475103
2473	0.556075
2474	0.553019
2475	0.483121
2476	0.526738
2477	0.278198
2479	0.555807
2481	0.5445
2482	0.494921
2492	0.540367
2493	0.565489
2494	0.58427
2496	0.509551
2502	0.56198
2503	0.538956
2506	0.189109
2519	0.541005
2520	0.460532
2525	0.581757
2526	0.221767
2527	0.54976
2528	0.539531
2533	0.5534
2536	0.511665
2540	0.554785
2547	0.56092
2549	0.44589
2550	0.267213
2551	0.523309
2553	0.515037
2554	0.485196
2556	0.544444
2557	0.54452
2561	0.532032
2564	0.463277
2567	0.509507
2570	0.466211
2571	0.302623
2573	0.532854
2577	0.511604
2580	0.547126
2583	0.515018
2584	0.557835
2585	0.535097
2590	0.513735
2593	0.478071
2597	0.436042
2598	0.52227
2601	0.500875
2602	0.427472
2603	0.521206
2604	0.477321
2605	0.50733
2607	0.527448
2611	0.516511
2613	0.48757
2614	0.50696
2616	0.530767
2618	0.487414
2620	0.474119
2625	0.500467
2627	0.503547
2630	0.518466
2631	0.260268
2632	0.251707
2633	0.50999
2634	0.520514
2635	0.462727
2638	0.47687
2639	0.509457
2640	0.518578
2641	0.412992
2645	0.515847
2647	0.44171
2648	0.526189
2649	0.520846
2650	0.388275
2652	0.522683
2655	0.204214
2657	0.496363
2660	0.528108
2663	0.418933
2666	0.42951
2667	0.456813
2668	0.445553
2669	0.467088
2670	0.497705
2671	0.524578
2673	0.506455
2674	0.532914
2677	0.515738
2682	0.498541
2683	0.538301
2684	0.198174
2685	0.351895
2686	0.480136
2687	0.464873
2688	0.520637
2693	0.310174
2694	0.479613
2695	0.387163
2696	0.514976
2698	0.525092
2699	0.505009
2702	0.48032
2703	0.489832
2707	0.473155
2711	0.505793
2713	0.528541
2714	0.517921
2719	0.277955
2720	0.211119
2722	0.354244
2723	0.347461
2725	0.473358
2728	0.446887
2732	0.460924
2736	0.465561
2738	0.524102
2739	0.466519
2740	0.462924
2742	0.512689
2746	0.489509
2748	0.50401
2749	0.517334
2751	0.440224
2754	0.39979
2756	0.241391
2757	0.477457
2758	0.511247
2762	0.489337
2763	0.520512
2764	0.22524
2765	0.482904
2767	0.498903
2768	0.488949
2769	0.471437
2772	0.351475
2777	0.503481
2778	0.466221
2779	0.488403
2780	0.483744
2784	0.496745
2785	0.513479
2787	0.476861
2788	0.404114
2793	0.474374
2795	0.477658
2796	0.49972
2797	0.20717
2798	0.466171
2799	0.500583
2800	0.423277
2804	0.493583
2805	0.464315
2810	0.486695
2819	0.219722
2820	0.30093
2823	0.471613
2826	0.485443
2828	0.426744
2837	0.498261
2841	0.340382
2842	0.451253
2844	0.473605
2848	0.460327
2849	0.498188
2850	0.229078
2851	0.448622
2853	0.451207
2854	0.484442
2857	0.465152
2858	0.466331
2860	0.446113
2863	0.421243
2866	0.173922
2868	0.4532
2869	0.451396
2870	0.458519
2871	0.461153
2872	0.449323
2874	0.467833
2876	0.470251
2879	0.465473
2883	0.429072
2886	0.481002
2888	0.476442
2889	0.436782
2890	0.481057
2891	0.444832
2893	0.46263
2895	0.48061
2898	0.462816
2900	0.452027
2903	0.420299
2905	0.458662
2908	0.430855
2909	0.481728
2910	0.388408
2912	0.467028
2919	0.463172
2920	0.472498
2921	0.459621
2922	0.453114
2924	0.458009
2925	0.458745
2926	0.450881
2931	0.436745
2936	0.457891
2944	0.435129
2945	0.343856
2949	0.453049
2950	0.386408
2954	0.447034
2956	0.41652
2962	0.45746
2965	0.451584
2966	0.464603
2969	0.456638
2971	0.437569
2974	0.454291
2975	0.438344
2976	0.437767
2979	0.383192
2982	0.433774
2985	0.455016
2989	0.464857
2990	0.44445
2997	0.455904
2999	0.42584
3003	0.457635
3005	0.430317
3006	0.301985
3007	0.449127
3008	0.459266
3010	0.380851
3013	0.448251
3015	0.421464
3016	0.444332
3021	0.427804
3023	0.446665
3029	0.421056
3034	0.426877
3039	0.429419
3042	0.444748
3043	0.437727
3047	0.426908
3052	0.430682
3053	0.373746
3061	0.442039
3062	0.426104
3063	0.446264
3064	0.149087
3067	0.439971
3068	0.409406
3073	0.446514
3076	0.358736
3078	0.423761
3079	0.421056
3081	0.382557
3088	0.428274
3089	0.406428
3091	0.401131
3106	0.426536
3111	0.403259
3113	0.425009
3115	0.430647
3116	0.408597
3117	0.432495
3119	0.408246
3121	0.416451
3123	0.429678
3129	0.409267
3130	0.392651
3135	0.436103
3138	0.416104
3150	0.342322
3156	0.421979
3157	0.424928
3160	0.414351
3162	0.405864
3165	0.409565
3177	0.24571
3180	0.414129
3185	0.416686
3200	0.39335
3207	0.40566
3209	0.350994
3211	0.397487
3213	0.413214
3215	0.392178
3216	0.394501
3217	0.408503
3218	0.416304
3224	0.411288
3231	0.411086
3235	0.378521
3240	0.40129
3247	0.373755
3248	0.406134
3249	0.392174
3252	0.397399
3253	0.412345
3257	0.408175
3265	0.275188
3266	0.39982
3271	0.38696
3272	0.405183
3274	0.395235
3275	0.385731
3276	0.404387
3296	0.400868
3299	0.397499
3306	0.389606
3319	0.378491
3320	0.392619
3324	0.389959
3326	0.363418
3328	0.160343
3333	0.373073
3335	0.379468
3342	0.391869
3347	0.371729
3363	0.389001
3372	0.386565
3373	0.348933
3378	0.357527
3380	0.35943
3389	0.355994
3392	0.38108
3403	0.366801
3404	0.345529
3418	0.37333
3422	0.36342
3425	0.376391
3428	0.255764
3436	0.371078
3450	0.353163
3455	0.372192
3456	0.130693
3461	0.332383
3466	0.345192
3475	0.362581
3477	0.366806
3478	0.358949
3500	0.362388
3505	0.295506
3514	0.356614
3517	0.355695
3526	0.34533
3537	0.138056
3546	0.349067
3548	0.35813
3552	0.343949
3565	0.350434
3566	0.157758
3570	0.344337
3572	0.329313
3597	0.349645
3601	0.151638
3609	0.332388
3613	0.337648
3617	0.345983
3620	0.33097
3625	0.343918
3637	0.342313
3638	0.31498
3643	0.341131
3652	0.339343
3656	0.32771
3658	0.337948
3662	0.262061
3670	0.339128
3686	0.33264
3703	0.159867
3739	0.315471
3744	0.331126
3761	0.329911
3772	0.325702
3797	0.31072
3805	0.14186
3820	0.31801
3828	0.313323
3830	0.319618
3831	0.315551
3834	0.316341
3862	0.178394
3863	0.303634
3864	0.310973
3865	0.303456
3883	0.312021
3905	0.308723
3906	0.300188
3927	0.303088
3945	0.285363
3966	0.239663
3971	0.292701
3997	0.294828
4002	0.294533
4076	0.289341
4096	0.285787
4102	0.285956
4243	0.260068
4246	0.269941
4265	0.263303
4298	0.264208
4358	0.256846
4360	0.111557
4367	0.258617
4435	0.248335
4489	0.245868
4721	0.224731
4832	0.220666
6215	0.162932
9762	0.0296222
