#
# Author-Author In Degree. G(150568, 12246069). 36698 (0.2437) nodes with in-deg > avg deg (162.7), 22031 (0.1463) with >2*avg.deg (Sun Nov  4 01:46:19 2018)
#
# In-degree	Count
1	2
2	160
3	3302
4	6762
5	6245
6	5276
7	4808
8	4164
9	3855
10	3443
11	3183
12	2654
13	2370
14	2339
15	2245
16	2013
17	1956
18	1749
19	1741
20	1502
21	1512
22	1379
23	1445
24	1260
25	1128
26	1170
27	1088
28	1255
29	1126
30	934
31	1050
32	944
33	845
34	808
35	717
36	790
37	722
38	713
39	716
40	524
41	536
42	625
43	470
44	451
45	628
46	615
47	455
48	538
49	635
50	509
51	413
52	371
53	488
54	677
55	417
56	409
57	422
58	262
59	488
60	493
61	352
62	308
63	358
64	668
65	335
66	484
67	292
68	288
69	411
70	418
71	199
72	269
73	400
74	308
75	261
76	164
77	446
78	345
79	195
80	173
81	59
82	164
83	287
84	173
85	233
86	481
87	202
88	436
89	355
90	109
91	259
92	387
93	251
94	174
95	143
96	172
97	512
98	237
99	143
100	314
101	324
102	214
103	350
104	489
105	158
106	351
107	248
108	208
109	213
110	471
111	294
112	239
113	371
114	110
115	207
116	441
117	335
118	239
119	282
120	134
121	81
122	208
123	121
124	399
125	147
126	201
127	63
128	178
129	297
130	73
131	275
132	148
133	169
134	220
135	60
136	133
137	208
138	199
139	404
140	72
141	129
142	122
143	149
144	53
145	61
146	305
147	148
148	180
149	224
150	254
151	83
152	66
153	186
154	78
155	349
156	154
157	138
158	43
159	47
160	40
161	139
162	26
163	307
164	183
165	149
166	74
167	105
168	172
169	31
170	147
171	340
172	205
173	65
174	53
175	183
176	43
177	293
178	28
179	28
180	44
181	49
182	40
183	41
184	86
185	150
186	28
187	46
188	31
189	82
190	54
191	16
192	50
193	286
194	45
195	124
196	60
197	122
198	153
199	50
200	48
201	130
202	59
203	114
204	40
205	54
206	40
207	73
208	102
209	29
210	42
211	133
212	250
213	35
214	51
215	34
216	92
217	57
218	112
219	123
220	43
221	36
222	171
223	22
224	36
225	84
226	25
227	196
228	36
229	25
230	29
231	192
232	312
233	245
234	38
235	29
236	27
237	46
238	38
239	34
240	34
241	122
242	154
243	151
244	119
245	45
246	34
247	229
248	211
249	42
250	39
251	226
252	41
253	173
254	272
255	68
256	46
257	60
258	22
259	38
260	38
261	53
262	15
263	30
264	204
265	370
266	22
267	29
268	51
269	46
270	154
271	85
272	258
273	55
274	143
275	268
276	40
277	23
278	19
279	28
280	40
281	89
282	25
283	24
284	64
285	223
286	133
287	274
288	25
289	41
290	27
291	25
292	40
293	33
294	63
295	39
296	25
297	20
298	168
299	34
300	30
301	50
302	21
303	33
304	222
305	31
306	285
307	308
308	24
309	38
310	25
311	12
312	16
313	16
314	160
315	51
316	34
317	37
318	48
319	61
320	48
321	25
322	28
323	24
324	267
325	59
326	24
327	295
328	171
329	30
330	19
331	25
332	68
333	24
334	58
335	24
336	25
337	22
338	173
339	97
340	30
341	37
342	25
343	81
344	39
345	18
346	37
347	346
348	34
349	22
350	28
351	264
352	44
353	33
354	242
355	33
356	16
357	30
358	23
359	36
360	33
361	69
362	303
363	28
364	21
365	176
366	20
367	39
368	17
369	22
370	34
371	43
372	39
373	25
374	22
375	28
376	46
377	23
378	26
379	29
380	24
381	20
382	227
383	19
384	21
385	29
386	60
387	20
388	39
389	29
390	29
391	22
392	29
393	26
394	261
395	27
396	19
397	15
398	316
399	63
400	22
401	25
402	28
403	12
404	18
405	22
406	12
407	28
408	16
409	18
410	12
411	132
412	28
413	11
414	12
415	11
416	20
417	18
418	21
419	19
420	433
421	19
422	16
423	11
424	14
425	13
426	14
427	17
428	17
429	12
430	60
431	15
432	9
433	18
434	41
435	16
436	28
437	13
438	11
439	21
440	22
441	15
442	17
443	15
444	12
445	12
446	14
447	11
448	14
449	467
450	14
451	12
452	170
453	8
454	232
455	12
456	16
457	15
458	130
459	150
460	22
461	19
462	12
463	22
464	21
465	101
466	19
467	16
468	16
469	7
470	13
471	14
472	15
473	7
474	16
475	11
476	17
477	16
478	17
479	21
480	5
481	11
482	13
483	10
484	11
485	20
486	23
487	7
488	10
489	220
490	11
491	12
492	33
493	38
494	7
495	22
496	9
497	14
498	11
499	103
500	6
501	6
502	8
503	14
504	13
505	12
506	57
507	9
508	13
509	21
510	525
511	10
512	4
513	19
514	29
515	8
516	25
517	25
518	8
519	13
520	13
521	12
522	9
523	7
524	7
525	13
526	9
527	14
528	9
529	3
530	15
531	13
532	5
533	26
534	12
535	10
536	10
537	14
538	13
539	9
540	4
541	16
542	11
543	5
544	221
545	15
546	7
547	11
548	19
549	20
550	21
551	15
552	21
553	15
554	10
555	13
556	9
557	571
558	9
559	18
560	11
561	21
562	10
563	9
564	10
565	10
566	360
567	14
568	16
569	7
570	13
571	13
572	9
573	7
574	8
575	11
576	10
577	14
578	10
579	18
580	11
581	325
582	21
583	43
584	18
585	13
586	11
587	12
588	6
589	17
590	12
591	18
592	12
593	32
594	16
595	35
596	44
597	35
598	18
599	16
600	15
601	9
602	12
603	14
604	4
605	56
606	28
607	25
608	17
609	56
610	50
611	33
612	38
613	12
614	15
615	15
616	22
617	17
618	7
619	26
620	53
621	17
622	28
623	18
624	22
625	20
626	19
627	19
628	24
629	13
630	8
631	13
632	19
633	10
634	14
635	11
636	33
637	10
638	12
639	9
640	8
641	17
642	14
643	11
644	12
645	10
646	10
647	8
648	5
649	7
650	10
651	11
652	8
653	11
654	7
655	5
656	8
657	4
658	4
659	4
660	23
661	7
662	49
663	6
664	49
665	5
666	6
667	7
668	6
669	4
670	6
671	24
672	19
673	7
674	9
675	12
676	11
677	9
678	6
679	9
680	7
681	25
682	8
683	16
684	7
685	5
686	11
687	11
688	397
689	28
690	14
691	16
692	14
693	21
694	16
695	24
696	45
697	22
698	15
699	10
700	10
701	15
702	14
703	12
704	19
705	11
706	12
707	8
708	12
709	10
710	6
711	10
712	9
713	10
714	10
715	12
716	5
717	6
718	7
719	5
720	9
721	14
722	8
723	10
724	4
725	18
726	13
727	11
728	8
729	518
730	37
731	11
732	7
733	11
734	8
735	8
736	9
737	13
738	15
739	8
740	10
741	10
742	9
743	8
744	4
745	10
746	6
747	10
748	3
749	208
750	11
751	9
752	12
753	5
754	6
755	8
756	9
757	10
758	5
759	11
760	6
761	4
762	9
763	9
764	8
765	7
766	6
767	10
768	9
769	3
770	2
771	10
772	6
773	7
774	11
775	8
776	8
777	10
778	7
779	16
780	8
781	2
782	12
783	8
784	6
785	9
786	7
787	5
788	11
789	13
790	6
791	3
792	8
793	14
794	14
795	11
796	6
797	6
798	7
799	5
800	5
801	10
802	9
803	3
804	8
805	4
806	8
807	10
808	12
809	3
810	10
811	6
812	7
813	7
814	5
815	17
816	5
817	6
818	5
819	4
820	8
821	5
822	6
823	4
824	402
825	14
826	7
827	6
828	9
829	13
830	9
831	6
832	21
833	34
834	5
835	11
836	7
837	14
838	68
839	9
840	7
841	7
842	9
843	10
844	9
845	2
846	5
847	11
848	5
849	11
850	14
851	8
852	8
853	7
854	8
855	5
856	6
857	8
858	8
859	14
860	6
861	12
862	4
863	1
864	7
865	14
866	6
867	5
868	12
869	1
870	9
871	2
872	5
873	11
874	3
875	12
876	6
877	3
878	10
879	8
880	7
881	81
882	4
883	7
884	5
885	12
886	9
887	4
888	10
889	2
890	10
891	5
892	7
893	10
894	6
895	10
896	9
897	5
898	6
899	9
900	4
901	8
902	8
903	9
904	5
905	4
906	11
907	4
908	6
909	3
910	7
911	8
912	6
913	2
914	1
915	8
916	5
917	10
918	6
919	5
920	6
921	4
922	7
923	11
924	5
925	5
926	4
927	12
928	9
929	5
930	7
931	9
932	5
933	6
934	9
935	3
936	10
937	16
938	8
939	7
940	22
941	3
942	7
943	4
944	3
945	2
946	5
947	5
948	3
949	2
950	4
951	3
952	5
953	6
954	4
955	2
956	8
957	4
958	6
959	5
960	5
961	5
962	4
963	3
964	7
965	8
966	4
967	2
968	7
969	4
970	5
971	5
972	5
973	9
974	3
975	9
976	6
977	8
978	5
979	8
980	4
981	3
982	4
983	7
984	10
985	4
986	4
987	2
988	12
989	2
990	1
991	4
992	7
993	7
994	6
995	6
996	3
997	5
998	4
999	4
1000	2
1001	3
1002	2
1003	9
1004	4
1005	3
1006	4
1007	3
1008	4
1009	4
1010	9
1011	3
1012	4
1013	3
1014	3
1015	6
1016	9
1017	1
1018	4
1019	3
1020	8
1021	2
1022	3
1023	6
1024	7
1025	4
1026	5
1027	10
1028	5
1029	3
1030	2
1031	4
1032	3
1033	6
1034	35
1035	11
1036	8
1037	8
1038	6
1039	2
1040	3
1041	1
1042	4
1043	1
1044	6
1045	5
1046	3
1047	2
1048	5
1049	2
1050	4
1051	4
1052	5
1053	3
1054	5
1055	3
1056	4
1057	4
1058	2
1059	4
1060	3
1061	3
1062	4
1063	2
1064	5
1065	4
1066	4
1067	3
1068	6
1069	4
1070	8
1071	2
1072	21
1073	4
1074	5
1075	2
1076	91
1077	1
1078	8
1079	4
1080	6
1081	7
1082	10
1083	2
1084	3
1085	3
1086	3
1087	6
1088	4
1089	5
1090	6
1091	3
1092	7
1093	4
1094	6
1095	3
1096	7
1097	2
1098	5
1099	6
1100	5
1101	2
1102	2
1103	2
1104	5
1105	4
1106	6
1107	2
1108	5
1109	2
1110	4
1111	5
1113	7
1114	3
1115	3
1116	3
1117	1
1118	5
1119	2
1120	1
1121	2
1122	5
1123	3
1124	6
1125	6
1126	1
1127	1
1128	2
1129	6
1130	4
1132	4
1133	6
1134	8
1135	2
1136	3
1137	7
1138	1
1139	2
1140	4
1141	4
1142	2
1143	2
1144	1
1145	5
1148	1
1149	2
1150	4
1151	3
1152	4
1153	4
1154	2
1155	4
1156	2
1157	7
1158	3
1159	1
1160	2
1161	3
1162	4
1163	1
1164	2
1165	2
1166	1
1167	5
1168	4
1169	7
1170	3
1171	3
1172	1
1173	3
1174	2
1175	4
1176	3
1177	3
1179	1
1180	6
1181	1
1182	2
1183	6
1184	1
1185	1
1186	3
1187	4
1188	2
1189	1
1190	5
1191	1
1192	6
1193	3
1194	6
1195	5
1196	2
1197	1
1198	2
1199	3
1200	2
1201	5
1202	5
1203	1
1204	2
1205	4
1206	5
1207	2
1208	1
1209	2
1210	1
1211	1004
1212	2
1213	31
1214	6
1215	6
1216	3
1217	8
1218	3
1219	7
1220	1
1221	7
1222	4
1223	6
1224	4
1225	3
1226	2
1227	4
1228	3
1229	1
1230	3
1231	3
1232	3
1233	5
1234	2
1235	3
1236	2
1237	3
1238	5
1239	3
1240	3
1241	4
1242	3
1243	10
1244	2
1245	5
1246	2
1247	3
1248	5
1249	2
1250	3
1252	6
1253	2
1254	4
1255	6
1256	3
1257	1
1260	4
1262	3
1263	25
1264	3
1265	4
1266	4
1267	5
1268	5
1269	5
1270	1
1271	5
1272	3
1273	4
1274	2
1275	4
1276	2
1277	2
1278	3
1279	3
1280	9
1281	1
1282	8
1283	6
1284	4
1285	5
1286	2
1287	3
1288	3
1289	1
1290	1
1292	2
1294	1
1295	2
1296	1
1297	4
1298	4
1299	2
1300	4
1301	4
1303	3
1304	3
1305	4
1306	4
1307	1
1308	3
1309	2
1310	3
1311	3
1313	1
1314	5
1315	4
1316	2
1317	5
1318	1
1319	3
1320	2
1321	1
1323	1
1324	6
1325	1
1326	4
1327	2
1328	1
1329	5
1330	2
1331	3
1332	1
1333	4
1334	1
1335	1
1336	1
1337	2
1338	2
1339	1
1340	4
1341	1
1342	2
1343	3
1344	14
1345	1
1346	1
1347	3
1348	5
1349	5
1350	2
1352	2
1353	3
1354	2
1355	2
1356	2
1357	2
1359	1
1360	1
1362	1
1363	1
1364	3
1365	2
1367	3
1368	2
1369	3
1370	4
1371	1
1372	3
1373	2
1374	2
1375	1
1377	1
1378	3
1379	1
1380	141
1381	3
1382	3
1383	3
1384	4
1385	3
1387	2
1388	6
1389	9
1390	4
1391	3
1392	3
1393	2
1394	4
1395	3
1396	6
1397	2
1398	5
1399	4
1400	3
1401	15
1402	2
1403	7
1404	1
1405	1
1407	4
1408	7
1409	1
1410	1
1411	2
1412	1
1414	3
1415	4
1416	4
1417	1
1418	2
1419	2
1420	5
1421	2
1422	4
1423	2
1424	3
1425	2
1426	2
1427	3
1428	1
1429	2
1430	1
1431	3
1432	2
1433	1
1434	2
1435	4
1436	2
1437	3
1438	3
1439	6
1440	1
1441	1
1442	7
1443	1
1445	3
1446	6
1447	4
1448	1
1449	2
1450	3
1451	1
1452	1
1453	1
1454	3
1455	3
1456	2
1457	2
1458	1
1459	1
1460	1
1461	2
1462	1
1463	4
1465	7
1466	2
1467	3
1468	4
1469	2
1471	2
1473	5
1474	5
1475	1
1476	2
1478	1
1479	3
1480	1
1481	1
1482	1
1483	2
1484	2
1485	1
1486	3
1487	5
1488	5
1489	1
1490	3
1491	1
1492	2
1494	1
1495	1
1496	1
1498	2
1499	4
1500	4
1501	1
1502	2
1506	1
1507	1
1508	1
1509	2
1510	3
1511	4
1512	2
1513	4
1514	3
1515	2
1516	2
1517	2
1518	2
1519	1
1520	2
1521	1
1523	1
1524	2
1525	4
1526	4
1527	1
1528	2
1529	6
1530	2
1532	2
1533	1
1534	4
1535	1
1536	4
1537	1
1540	1
1541	1
1544	2
1546	3
1547	2
1548	2
1549	1
1551	2
1552	2
1553	2
1554	1
1555	5
1556	1
1557	1
1558	3
1559	2
1561	6
1562	2
1564	2
1566	3
1567	2
1568	2
1569	4
1570	1
1571	1
1572	1
1575	3
1576	17
1577	4
1578	3
1579	3
1580	2
1581	1
1582	1
1583	1
1584	1
1586	4
1587	2
1588	1
1589	3
1590	3
1591	1
1592	3
1593	3
1595	1
1596	1
1597	2
1598	1
1602	2
1604	2
1605	1
1606	2
1607	8
1609	1
1610	1
1612	2
1613	1
1614	1
1615	2
1616	1
1618	1
1619	1
1620	5
1621	2
1622	2
1624	2
1625	3
1626	3
1628	2
1629	4
1631	2
1632	2
1633	8
1634	1
1635	1
1638	3
1639	2
1641	1
1642	2
1643	2
1645	4
1646	2
1648	1
1649	2
1650	4
1651	3
1652	4
1653	1
1654	1
1655	3
1656	1
1657	3
1659	1
1660	2
1661	1
1662	3
1663	2
1664	3
1666	4
1667	4
1670	2
1672	2
1673	1
1674	2
1675	2
1676	2
1677	1
1678	8
1679	1
1681	1
1682	2
1684	1
1685	2
1687	4
1689	2
1691	1
1692	2
1693	1
1694	2
1695	3
1696	2
1697	5
1699	1
1700	1
1701	3
1703	1
1704	2
1706	1
1707	3
1708	2
1710	1
1711	1
1712	1
1713	1
1715	3
1716	2
1718	6
1719	2
1720	4
1721	2
1722	3
1723	1
1724	3
1727	1
1729	13
1731	2
1732	2
1733	3
1734	1
1736	2
1737	1
1738	2
1739	1
1740	3
1741	2
1742	4
1744	2
1745	4
1746	4
1747	1
1748	1
1749	3
1751	4
1753	2
1754	1
1755	2
1757	2
1758	1
1760	4
1761	3
1762	9
1763	3
1765	1
1766	2
1767	3
1768	1
1770	3
1771	1
1772	4
1773	3
1775	3
1776	1
1777	3
1778	1
1779	2
1780	2
1781	3
1782	1
1784	3
1785	6
1786	3
1787	2
1789	3
1790	1
1791	2
1792	5
1793	3
1794	3
1795	2
1796	4
1797	1
1798	2
1801	1
1802	1
1803	3
1804	1
1805	3
1806	2
1807	4
1810	2
1811	1
1812	2
1813	3
1814	1
1815	3
1816	1
1817	1
1818	3
1819	1
1821	3
1822	1
1823	1
1824	2
1825	1
1826	1
1828	1
1829	2
1830	1
1831	1
1832	1
1833	2
1834	1
1836	2
1837	3
1838	1
1839	1
1840	1
1841	2
1844	1
1845	2
1846	2
1847	2
1848	2
1850	2
1851	2
1854	1
1856	2
1857	2
1860	2
1861	2
1862	1
1864	3
1865	2
1866	3
1867	1
1868	2
1870	4
1871	3
1872	2
1873	2
1874	2
1875	2
1876	1
1877	4
1878	1
1879	1
1880	1
1881	1
1883	2
1884	1
1885	1
1886	3
1887	1
1888	2
1889	1
1891	1
1892	1
1893	1
1894	1
1895	1
1896	2
1897	1
1898	2
1899	2
1900	2
1901	2
1902	1
1903	1
1905	1
1907	3
1908	5
1910	3
1911	1
1912	3
1913	3
1914	1
1916	3
1918	3
1920	1
1921	2
1922	2
1923	2
1924	1
1926	2
1928	1
1930	9
1931	3
1932	1
1933	1
1934	2
1936	2
1937	1
1938	1
1939	3
1940	3
1942	1
1943	2
1944	3
1945	1
1946	1
1947	2
1949	1
1950	2
1951	3
1955	1
1956	2
1957	1
1958	2
1959	3
1961	2
1962	1
1963	1
1965	5
1966	1
1968	1
1970	3
1971	1
1972	2
1973	2
1975	2
1978	2
1979	3
1980	5
1981	2
1982	2
1983	1
1984	1
1985	1
1986	1
1988	2
1992	3
1994	1
1996	1
1997	1
1998	1
1999	1
2000	2
2002	4
2003	1
2004	1
2005	1
2006	1
2007	1
2008	1
2009	3
2010	3
2011	2
2012	5
2013	2
2020	1
2021	1
2022	4
2025	3
2026	2
2027	1
2028	1
2029	1
2030	1
2032	2
2034	2
2035	3
2036	2
2037	2
2038	1
2039	2
2040	1
2042	2
2044	3
2045	2
2046	2
2047	2
2048	2
2049	1
2050	2
2051	1
2053	1
2054	1
2055	1
2056	3
2057	1
2062	2
2064	3
2067	1
2071	1
2072	2
2074	1
2076	1
2079	3
2080	1
2081	1
2083	1
2085	2
2086	1
2087	2
2088	2
2089	1
2090	1
2092	2
2093	1
2094	1
2095	2
2097	2
2100	1
2101	1
2102	1
2103	2
2104	4
2105	2
2109	1
2110	1
2112	1
2113	1
2115	2
2117	1
2118	2
2119	2
2121	2
2122	1
2123	1
2124	1
2126	1
2128	2
2129	1
2130	1
2131	2
2132	3
2133	1
2134	1
2136	1
2137	1
2138	1
2140	1
2141	2
2142	1
2147	1
2150	3
2153	1
2156	3
2158	3
2159	1
2160	5
2161	1
2163	2
2164	1
2165	1
2168	2
2169	2
2172	1
2173	1
2174	1
2176	2
2180	2
2181	4
2182	1
2183	1
2185	3
2186	3
2187	1
2189	2
2190	1
2191	1
2198	3
2200	4
2202	1
2203	1
2205	1
2208	2
2212	2
2214	2
2216	1
2218	1
2219	1
2220	2
2221	2
2222	2
2225	1
2226	1
2227	2
2230	1
2231	1
2232	2
2234	1
2235	1
2237	1
2239	1
2243	1
2244	3
2245	1
2247	1
2248	2
2250	2
2252	1
2253	1
2255	1
2256	3
2258	1
2259	3
2260	1
2261	1
2262	2
2264	1
2267	5
2268	1
2270	1
2271	2
2272	4
2273	1
2274	1
2275	1
2278	1
2279	1
2280	1
2281	1
2282	2
2283	3
2284	3
2286	2
2287	1
2288	3
2289	1
2291	1
2295	1
2296	1
2297	2
2298	1
2299	3
2300	2
2308	1
2309	3
2311	1
2313	2
2314	2
2318	1
2319	3
2323	1
2324	1
2325	3
2328	1
2329	2
2331	2
2332	2
2334	1
2336	1
2339	1
2341	1
2342	2
2344	1
2345	2
2346	1
2347	1
2348	1
2349	1
2351	1
2352	1
2353	1
2356	2
2357	1
2359	1
2361	1
2363	2
2364	1
2365	4
2366	2
2367	2
2368	3
2369	1
2371	1
2372	2
2373	1
2375	2
2377	1
2379	1
2380	2
2382	1
2383	1
2384	1
2387	1
2392	3
2393	1
2397	1
2400	1
2401	1
2403	2
2405	3
2406	2
2408	1
2414	2
2415	1
2417	1
2418	1
2425	1
2434	1
2436	1
2437	1
2439	1
2440	1
2443	2
2444	2
2445	2
2446	3
2447	2
2454	3
2456	2
2457	1
2458	1
2460	2
2461	2
2462	2
2464	1
2465	1
2470	1
2471	2
2473	2
2474	2
2475	1
2476	1
2477	1
2479	1
2481	1
2482	2
2492	1
2493	1
2494	1
2496	1
2502	1
2503	1
2506	1
2519	1
2520	1
2525	1
2526	1
2527	1
2528	2
2533	1
2536	1
2540	1
2547	1
2549	1
2550	1
2551	3
2553	1
2554	1
2556	1
2557	2
2561	1
2564	2
2567	1
2570	2
2571	1
2573	2
2577	2
2580	1
2583	1
2584	1
2585	1
2590	2
2593	1
2597	2
2598	1
2601	2
2602	3
2603	2
2604	1
2605	1
2607	1
2611	1
2613	1
2614	1
2616	1
2618	2
2620	2
2625	1
2627	1
2630	2
2631	1
2632	1
2633	2
2634	2
2635	3
2638	2
2639	1
2640	1
2641	1
2645	1
2647	1
2648	1
2649	2
2650	2
2652	1
2655	1
2657	3
2660	2
2663	1
2666	1
2667	1
2668	1
2669	1
2670	1
2671	1
2673	2
2674	1
2677	1
2682	1
2683	1
2684	1
2685	2
2686	1
2687	1
2688	1
2693	1
2694	1
2695	1
2696	1
2698	1
2699	1
2702	1
2703	1
2707	1
2711	1
2713	1
2714	3
2719	1
2720	1
2722	2
2723	2
2725	1
2728	2
2732	1
2736	1
2738	1
2739	1
2740	1
2742	1
2746	1
2748	1
2749	1
2751	1
2754	2
2756	1
2757	1
2758	1
2762	3
2763	1
2764	1
2765	1
2767	1
2768	1
2769	1
2772	2
2777	1
2778	2
2779	1
2780	1
2784	1
2785	1
2787	1
2788	1
2793	1
2795	3
2796	1
2797	1
2798	2
2799	1
2800	1
2804	1
2805	1
2810	1
2819	1
2820	1
2823	1
2826	2
2828	1
2837	1
2841	1
2842	1
2844	1
2848	1
2849	1
2850	1
2851	1
2853	1
2854	1
2857	1
2858	1
2860	1
2863	2
2866	1
2868	1
2869	1
2870	1
2871	1
2872	1
2874	1
2876	1
2879	1
2883	1
2886	2
2888	1
2889	1
2890	2
2891	1
2893	2
2895	1
2898	1
2900	1
2903	1
2905	1
2908	3
2909	1
2910	1
2912	1
2919	1
2920	1
2921	1
2922	2
2924	1
2925	1
2926	3
2931	4
2936	1
2944	1
2945	1
2949	2
2950	1
2954	1
2956	1
2962	1
2965	1
2966	2
2969	1
2971	1
2974	1
2975	1
2976	1
2979	1
2982	2
2985	1
2989	1
2990	2
2997	1
2999	1
3003	1
3005	1
3006	2
3007	1
3008	1
3010	3
3013	1
3015	1
3016	1
3021	1
3023	1
3029	1
3034	1
3039	2
3042	1
3043	1
3047	2
3052	3
3053	1
3061	1
3062	1
3063	1
3064	1
3067	1
3068	1
3073	1
3076	1
3078	1
3079	1
3081	2
3088	1
3089	1
3091	1
3106	2
3111	1
3113	2
3115	1
3116	1
3117	1
3119	1
3121	1
3123	1
3129	1
3130	1
3135	1
3138	1
3150	1
3156	1
3157	1
3160	1
3162	1
3165	1
3177	1
3180	1
3185	1
3200	1
3207	1
3209	1
3211	1
3213	1
3215	1
3216	1
3217	1
3218	1
3224	1
3231	1
3235	1
3240	1
3247	1
3248	1
3249	1
3252	1
3253	1
3257	1
3265	2
3266	1
3271	2
3272	1
3274	1
3275	1
3276	1
3296	1
3299	1
3306	1
3319	1
3320	1
3324	1
3326	1
3328	1
3333	1
3335	1
3342	1
3347	1
3363	1
3372	1
3373	1
3378	1
3380	1
3389	1
3392	1
3403	1
3404	1
3418	1
3422	1
3425	1
3428	2
3436	2
3450	2
3455	1
3456	1
3461	1
3466	1
3475	1
3477	1
3478	2
3500	1
3505	1
3514	1
3517	1
3526	1
3537	1
3546	1
3548	1
3552	1
3565	1
3566	1
3570	1
3572	1
3597	1
3601	1
3609	1
3613	1
3617	1
3620	1
3625	1
3637	1
3638	1
3643	1
3652	1
3656	1
3658	1
3662	1
3670	1
3686	1
3703	1
3739	1
3744	1
3761	1
3772	1
3797	1
3805	1
3820	1
3828	1
3830	1
3831	1
3834	1
3862	1
3863	1
3864	1
3865	1
3883	2
3905	1
3906	1
3927	1
3945	2
3966	1
3971	1
3997	1
4002	1
4076	1
4096	1
4102	1
4243	1
4246	1
4265	1
4298	1
4358	1
4360	1
4367	1
4435	1
4489	1
4721	1
4832	1
6215	1
9762	1
